
PUSH BACK & POP BACK TESTS
Empty ? 1 / Capacity : 0 / Size : 0
1: 1 - 2: 2 - 3: 4 - 4: 4 - 5: 8 - 6: 8 - 7: 8 - 8: 8 - 9: 16 - 10: 16 - 11: 16 - 
12: 16 - 13: 16 - 14: 16 - 15: 16 - 16: 16 - 17: 32 - 18: 32 - 19: 32 - 20: 32 - 21: 32 - 
22: 32 - 23: 32 - 24: 32 - 25: 32 - 26: 32 - 27: 32 - 28: 32 - 29: 32 - 30: 32 - 31: 32 - 
32: 32 - 33: 64 - 34: 64 - 35: 64 - 36: 64 - 37: 64 - 38: 64 - 39: 64 - 40: 64 - 41: 64 - 
42: 64 - 43: 64 - 44: 64 - 45: 64 - 46: 64 - 47: 64 - 48: 64 - 49: 64 - 50: 64 - 51: 64 - 
size : 51, capacity : 64
0 1 2 3 4 5 6 7 8 9 
10 11 12 13 14 15 16 17 18 19 
20 21 22 23 24 25 26 27 28 29 
30 31 32 33 34 35 36 37 38 39 
40 41 42 43 44 45 46 47 48 49 
50 
size : 47, capacity : 64
0 1 2 3 4 5 6 7 8 9 
10 11 12 13 14 15 16 17 18 19 
20 21 22 23 24 25 26 27 28 29 
30 31 32 33 34 35 36 37 38 39 
40 41 42 43 44 45 46 

RESIZE TESTS
s: 72, c: 72
s: 100, c: 144
s: 4170, c: 4170
s: 171, c: 4170
s: 62, c: 4170

INSERT TESTS
size : 201, capacity : 201
12 12 12 12 12 12 12 12 12 12 
12 12 12 12 12 12 12 12 12 12 
12 12 12 12 12 12 12 12 12 12 
12 12 12 12 12 12 12 12 12 12 
12 12 12 12 12 12 12 12 12 12 
12 12 12 12 12 12 12 12 12 12 
12 12 12 12 12 12 12 12 12 12 
12 12 12 12 12 12 12 12 12 12 
12 12 12 12 12 12 12 12 12 12 
12 12 12 12 12 12 12 12 12 12 
12 12 12 12 12 12 12 12 12 12 
12 12 12 12 12 12 12 12 12 12 
12 12 12 12 12 12 12 12 12 12 
12 12 12 12 12 12 12 12 12 12 
12 12 12 12 12 12 12 12 12 12 
12 12 12 12 12 12 12 12 12 12 
12 12 12 12 12 12 12 12 12 12 
12 12 12 12 12 12 12 12 12 12 
12 12 12 12 12 12 12 12 12 12 
12 12 12 12 12 12 12 12 12 12 
1 
size : 401, capacity : 402
12 12 12 12 12 12 12 12 12 12 
12 12 30 30 30 30 30 30 30 30 
30 30 30 30 30 30 30 30 30 30 
30 30 30 30 30 30 30 30 30 30 
30 30 30 30 30 30 30 30 30 30 
30 30 30 30 30 30 30 30 30 30 
30 30 30 30 30 30 30 30 30 30 
30 30 30 30 30 30 30 30 30 30 
30 30 30 30 30 30 30 30 30 30 
30 30 30 30 30 30 30 30 30 30 
30 30 30 30 30 30 30 30 30 30 
30 30 30 30 30 30 30 30 30 30 
30 30 30 30 30 30 30 30 30 30 
30 30 30 30 30 30 30 30 30 30 
30 30 30 30 30 30 30 30 30 30 
30 30 30 30 30 30 30 30 30 30 
30 30 30 30 30 30 30 30 30 30 
30 30 30 30 30 30 30 30 30 30 
30 30 30 30 30 30 30 30 30 30 
30 30 30 30 30 30 30 30 30 30 
30 30 30 30 30 30 30 30 30 30 
30 30 12 12 12 12 12 12 12 12 
12 12 12 12 12 12 12 12 12 12 
12 12 12 12 12 12 12 12 12 12 
12 12 12 12 12 12 12 12 12 12 
12 12 12 12 12 12 12 12 12 12 
12 12 12 12 12 12 12 12 12 12 
12 12 12 12 12 12 12 12 12 12 
12 12 12 12 12 12 12 12 12 12 
12 12 12 12 12 12 12 12 12 12 
12 12 12 12 12 12 12 12 12 12 
12 12 12 12 12 12 12 12 12 12 
12 12 12 12 12 12 12 12 12 12 
12 12 12 12 12 12 12 12 12 12 
12 12 12 12 12 12 12 12 12 12 
12 12 12 12 12 12 12 12 12 12 
12 12 12 12 12 12 12 12 12 12 
12 12 12 12 12 12 12 12 12 12 
12 12 12 12 12 12 12 12 12 12 
12 12 12 12 12 12 12 12 12 12 
1 
size : 413, capacity : 802
12 12 12 12 12 12 12 12 12 12 
12 12 30 30 30 30 30 30 30 30 
30 30 30 30 30 30 30 30 30 30 
30 30 30 30 30 30 30 30 30 30 
30 30 30 30 30 30 30 30 30 30 
30 30 30 30 30 30 30 30 30 30 
30 30 30 30 30 30 30 30 30 30 
30 30 30 30 30 30 30 30 30 30 
30 30 30 30 30 30 30 30 30 30 
30 30 30 30 30 30 30 30 30 30 
30 30 30 30 30 30 30 30 30 30 
30 30 30 30 30 30 30 30 30 30 
30 30 30 30 30 30 30 30 30 30 
30 30 30 30 30 30 30 30 30 30 
30 30 30 30 30 30 30 30 30 30 
30 30 30 30 30 30 30 30 30 30 
30 30 30 30 30 30 30 30 30 30 
30 30 30 30 30 30 30 30 30 30 
30 30 30 30 30 30 30 30 30 30 
30 30 30 30 30 30 30 30 30 30 
30 30 30 30 30 30 30 30 30 30 
30 30 12 12 12 12 12 12 12 12 
12 12 12 12 12 12 12 12 12 12 
12 12 12 12 12 12 12 12 12 12 
12 12 12 12 12 12 12 12 12 12 
12 12 12 12 12 12 12 12 12 12 
12 12 12 12 12 12 12 12 12 12 
12 12 12 12 12 12 12 12 12 12 
12 12 12 12 12 12 12 12 12 12 
12 12 12 12 12 12 12 12 12 12 
12 12 12 12 12 12 12 12 12 12 
12 12 12 12 12 12 12 12 12 12 
12 12 12 12 12 12 12 12 12 12 
12 12 12 12 12 12 12 12 12 12 
12 12 12 12 12 12 12 12 12 12 
12 12 12 12 12 12 12 12 12 12 
12 12 12 12 12 12 12 12 12 12 
12 12 12 12 12 12 12 12 12 12 
12 12 12 12 12 12 12 12 12 12 
12 12 12 12 12 12 12 12 12 12 
1 50 50 50 50 50 50 50 50 50 
50 50 50 
size : 413, capacity : 802
12 12 12 12 12 12 12 12 12 12 
12 12 30 30 30 30 30 30 30 30 
30 30 30 30 30 30 30 30 30 30 
30 30 30 30 30 30 30 30 30 30 
30 30 30 30 30 30 30 30 30 30 
30 30 30 30 30 30 30 30 30 30 
30 30 30 30 30 30 30 30 30 30 
30 30 30 30 30 30 30 30 30 30 
30 30 30 30 30 30 30 30 30 30 
30 30 30 30 30 30 30 30 30 30 
30 30 30 30 30 30 30 30 30 30 
30 30 30 30 30 30 30 30 30 30 
30 30 30 30 30 30 30 30 30 30 
30 30 30 30 30 30 30 30 30 30 
30 30 30 30 30 30 30 30 30 30 
30 30 30 30 30 30 30 30 30 30 
30 30 30 30 30 30 30 30 30 30 
30 30 30 30 30 30 30 30 30 30 
30 30 30 30 30 30 30 30 30 30 
30 30 30 30 30 30 30 30 30 30 
30 30 30 30 30 30 30 30 30 30 
30 30 12 12 12 12 12 12 12 12 
12 12 12 12 12 12 12 12 12 12 
12 12 12 12 12 12 12 12 12 12 
12 12 12 12 12 12 12 12 12 12 
12 12 12 12 12 12 12 12 12 12 
12 12 12 12 12 12 12 12 12 12 
12 12 12 12 12 12 12 12 12 12 
12 12 12 12 12 12 12 12 12 12 
12 12 12 12 12 12 12 12 12 12 
12 12 12 12 12 12 12 12 12 12 
12 12 12 12 12 12 12 12 12 12 
12 12 12 12 12 12 12 12 12 12 
12 12 12 12 12 12 12 12 12 12 
12 12 12 12 12 12 12 12 12 12 
12 12 12 12 12 12 12 12 12 12 
12 12 12 12 12 12 12 12 12 12 
12 12 12 12 12 12 12 12 12 12 
12 12 12 12 12 12 12 12 12 12 
12 12 12 12 12 12 12 12 12 12 
1 50 50 50 50 50 50 50 50 50 
50 50 50 
size : 414, capacity : 802
12 12 12 12 12 12 12 12 12 12 
12 12 30 30 30 30 30 30 30 30 
30 30 30 30 30 30 30 30 30 30 
30 30 30 30 30 30 30 30 30 30 
30 30 30 30 30 30 30 30 30 30 
30 30 30 30 30 30 30 30 30 30 
30 30 30 30 30 30 30 30 30 30 
30 30 30 30 30 30 30 30 30 30 
30 30 30 30 30 30 30 30 30 30 
30 30 30 30 30 30 30 30 30 30 
30 30 30 30 30 30 30 30 30 30 
30 30 30 30 30 30 30 30 30 30 
30 30 30 30 30 30 30 30 30 30 
30 30 30 30 30 30 30 30 30 30 
30 30 30 30 30 30 30 30 30 30 
30 30 30 30 30 30 30 30 30 30 
30 30 30 30 30 30 30 30 30 30 
30 30 30 30 30 30 30 30 30 30 
30 30 30 30 30 30 30 30 30 30 
30 30 30 30 30 30 30 30 30 30 
30 30 30 30 30 30 30 30 30 30 
30 30 12 12 12 12 12 12 12 12 
12 12 12 12 12 12 12 12 12 12 
12 12 12 12 12 12 12 12 12 12 
12 12 12 12 12 12 12 12 12 12 
12 12 12 12 12 12 12 12 12 12 
12 12 12 12 12 12 12 12 12 12 
12 12 12 12 12 12 12 12 12 12 
12 12 12 12 12 12 12 12 12 12 
12 12 12 12 12 12 12 12 12 12 
12 12 12 12 12 12 12 12 12 12 
12 12 12 12 12 12 12 12 12 12 
12 12 12 12 12 12 12 12 12 12 
12 12 12 12 12 12 12 12 12 12 
12 12 12 12 12 12 12 12 12 12 
12 12 12 12 12 12 12 12 12 12 
12 12 12 12 12 12 12 12 12 12 
12 12 12 12 12 12 12 12 12 12 
12 12 12 12 12 12 12 12 12 12 
12 12 12 12 12 12 12 12 12 12 
1 50 50 50 50 50 50 50 50 50 
50 50 70 50 
size : 419, capacity : 802
12 12 12 12 12 12 12 12 12 12 
12 12 30 30 30 30 30 30 30 30 
30 30 30 30 30 30 30 30 30 30 
30 30 30 30 30 30 30 30 30 30 
30 30 30 30 30 30 30 30 30 30 
30 30 30 30 30 30 30 30 30 30 
30 30 30 30 30 30 30 30 30 30 
30 30 30 30 30 30 30 30 30 30 
30 30 30 30 30 30 30 30 30 30 
30 30 30 30 30 30 30 30 30 30 
30 30 30 30 30 30 30 30 30 30 
30 30 30 30 30 30 30 30 30 30 
30 30 30 30 30 30 30 30 30 30 
30 30 30 30 30 30 30 30 30 30 
30 30 30 30 30 30 30 30 30 30 
30 30 30 30 30 30 30 30 30 30 
30 30 30 30 30 30 30 30 30 30 
30 30 30 30 30 30 30 30 30 30 
30 30 30 30 30 30 30 30 30 30 
30 30 30 30 30 30 30 30 30 30 
30 30 30 30 30 30 30 30 30 30 
30 30 12 12 12 12 12 12 12 12 
12 12 12 12 12 12 12 12 12 12 
12 12 12 12 12 12 12 12 12 12 
12 12 12 12 12 12 12 12 12 12 
12 12 12 12 12 12 12 12 12 12 
12 12 12 12 12 12 12 12 12 12 
12 12 12 12 12 12 12 12 12 12 
12 12 12 12 12 12 12 12 12 12 
12 12 12 12 12 12 12 12 12 12 
12 12 12 12 12 12 12 12 12 12 
12 12 12 12 12 12 12 12 12 12 
12 12 12 12 12 12 12 12 12 12 
12 12 12 12 12 12 12 12 12 12 
12 12 12 12 12 12 12 12 12 12 
12 12 12 12 12 12 12 12 12 12 
12 12 12 12 12 12 12 12 12 12 
12 12 12 12 12 12 12 12 12 12 
12 12 12 12 12 12 12 12 12 12 
12 12 12 12 12 12 12 12 12 12 
1 50 50 50 50 50 50 50 50 50 
50 50 5 5 5 5 5 70 50 
size : 424, capacity : 802
12 12 12 12 12 12 5 5 5 5 
5 12 12 12 12 12 12 30 30 30 
30 30 30 30 30 30 30 30 30 30 
30 30 30 30 30 30 30 30 30 30 
30 30 30 30 30 30 30 30 30 30 
30 30 30 30 30 30 30 30 30 30 
30 30 30 30 30 30 30 30 30 30 
30 30 30 30 30 30 30 30 30 30 
30 30 30 30 30 30 30 30 30 30 
30 30 30 30 30 30 30 30 30 30 
30 30 30 30 30 30 30 30 30 30 
30 30 30 30 30 30 30 30 30 30 
30 30 30 30 30 30 30 30 30 30 
30 30 30 30 30 30 30 30 30 30 
30 30 30 30 30 30 30 30 30 30 
30 30 30 30 30 30 30 30 30 30 
30 30 30 30 30 30 30 30 30 30 
30 30 30 30 30 30 30 30 30 30 
30 30 30 30 30 30 30 30 30 30 
30 30 30 30 30 30 30 30 30 30 
30 30 30 30 30 30 30 30 30 30 
30 30 30 30 30 30 30 12 12 12 
12 12 12 12 12 12 12 12 12 12 
12 12 12 12 12 12 12 12 12 12 
12 12 12 12 12 12 12 12 12 12 
12 12 12 12 12 12 12 12 12 12 
12 12 12 12 12 12 12 12 12 12 
12 12 12 12 12 12 12 12 12 12 
12 12 12 12 12 12 12 12 12 12 
12 12 12 12 12 12 12 12 12 12 
12 12 12 12 12 12 12 12 12 12 
12 12 12 12 12 12 12 12 12 12 
12 12 12 12 12 12 12 12 12 12 
12 12 12 12 12 12 12 12 12 12 
12 12 12 12 12 12 12 12 12 12 
12 12 12 12 12 12 12 12 12 12 
12 12 12 12 12 12 12 12 12 12 
12 12 12 12 12 12 12 12 12 12 
12 12 12 12 12 12 12 12 12 12 
12 12 12 12 12 12 12 12 12 12 
12 12 12 12 12 1 50 50 50 50 
50 50 50 50 50 50 50 5 5 5 
5 5 70 50 
size : 429, capacity : 802
12 12 12 12 12 12 5 5 5 5 
5 12 12 12 12 12 12 30 30 30 
30 30 30 30 30 30 30 30 30 30 
30 30 30 30 30 30 30 30 30 30 
30 30 30 30 30 30 30 30 30 30 
30 30 30 30 30 30 30 30 30 30 
30 30 30 30 30 30 30 30 30 30 
30 30 30 30 30 30 30 30 30 30 
30 30 30 30 30 30 30 30 30 30 
30 30 30 30 30 30 30 30 30 30 
30 30 30 30 30 30 30 30 30 30 
30 30 30 30 30 30 30 30 30 30 
30 30 30 30 30 30 30 30 30 30 
30 30 30 30 30 30 30 30 30 30 
30 30 30 30 30 30 30 30 30 30 
30 30 30 30 30 30 30 30 30 30 
30 30 30 30 30 30 30 30 30 30 
30 30 30 30 30 30 30 30 30 30 
30 30 30 30 30 30 30 30 30 30 
30 30 30 30 30 30 30 30 30 30 
30 30 30 30 30 30 30 30 30 30 
30 30 30 30 30 30 30 12 12 12 
12 12 12 12 12 12 12 12 12 12 
12 12 12 12 12 12 12 12 12 12 
12 12 12 12 12 12 12 12 12 12 
12 12 12 12 12 12 12 12 12 12 
12 12 12 12 12 12 12 12 12 12 
12 12 12 12 12 12 12 12 12 12 
12 12 12 12 12 12 12 12 12 12 
12 12 12 12 12 12 12 12 12 12 
12 12 12 12 12 12 12 12 12 12 
12 12 12 12 12 12 12 12 12 12 
12 12 12 12 12 12 12 12 12 12 
12 12 12 12 12 12 12 12 12 12 
12 12 12 12 12 12 12 12 12 12 
12 12 12 12 12 12 12 12 12 12 
12 12 12 12 12 12 12 12 12 12 
12 12 12 12 12 12 12 12 12 12 
12 12 12 12 12 12 12 12 12 12 
12 12 12 12 12 12 12 12 12 12 
12 12 12 12 12 1 50 50 50 50 
50 50 50 50 50 50 50 5 5 5 
5 5 70 50 5 5 5 5 5 

RESERVE TESTS
s: 65, c: 65
s: 65, c: 65
s: 65, c: 66
s: 65, c: 128
s: 65, c: 1023
s: 65, c: 10252
length error
size : 65, capacity : 10252
7 7 7 7 7 7 7 7 7 7 
7 7 7 7 7 7 7 7 7 7 
7 7 7 7 7 7 7 7 7 7 
7 7 7 7 7 7 7 7 7 7 
7 7 7 7 7 7 7 7 7 7 
7 7 7 7 7 7 7 7 7 7 
7 7 7 7 7 

COPY && SWAP TESTS
size : 50, capacity : 50
100 101 102 103 104 105 106 107 108 109 
110 111 112 113 114 115 116 117 118 119 
120 121 122 123 124 125 126 127 128 129 
130 131 132 133 134 135 136 137 138 139 
140 141 142 143 144 145 146 147 148 149 

size : 10, capacity : 10
20 21 22 23 24 25 26 27 28 29 

size : 50, capacity : 50
100 101 102 103 104 105 106 107 108 109 
110 111 112 113 114 115 116 117 118 119 
120 121 122 123 124 125 126 127 128 129 
130 131 132 133 134 135 136 137 138 139 
140 141 142 143 144 145 146 147 148 149 

size : 50, capacity : 64
0 1 2 3 4 5 6 7 8 9 
10 11 12 13 14 15 16 17 18 19 
20 21 22 23 24 25 26 27 28 29 
30 31 32 33 34 35 36 37 38 39 
40 41 42 43 44 45 46 47 48 49 

size : 50, capacity : 64
0 1 2 3 4 5 6 7 8 9 
10 11 12 13 14 15 16 17 18 19 
20 21 22 23 24 25 26 27 28 29 
30 31 32 33 34 35 36 37 38 39 
40 41 42 43 44 45 46 47 48 49 

size : 10, capacity : 10
20 21 22 23 24 25 26 27 28 29 

size : 10, capacity : 10
20 21 22 23 24 25 26 27 28 29 

size : 50, capacity : 50
100 101 102 103 104 105 106 107 108 109 
110 111 112 113 114 115 116 117 118 119 
120 121 122 123 124 125 126 127 128 129 
130 131 132 133 134 135 136 137 138 139 
140 141 142 143 144 145 146 147 148 149 


REVERSE IT TESTS
11 10 9 8 7 6 5 4 3 2 1 
0 9
7
1
10
0
1
1
0
7


ERASE && CLEAR TESTS
size : 26, capacity : 31
12 12 12 12 12 12 12 12 12 12 
12 12 12 12 12 12 12 12 12 12 
12 12 12 12 12 12 
size : 22, capacity : 31
12 12 12 12 12 12 12 12 12 12 
12 12 12 12 12 12 12 12 12 12 
12 12 
size : 0, capacity : 31


MAX SIZE TESTS
2305843009213693951
288230376151711743
1152921504606846975
576460752303423487
2305843009213693951

AWESOME TESTS
Int constructor
size : 21, capacity : 21
12 12 12 12 12 12 12 12 12 12 
12 12 12 12 12 12 12 12 12 12 
12 
size : 0, capacity : 0

Int constructor
Int constructor
Int constructor
size : 3, capacity : 4
12 8 16 
SAME ?0
size : 3, capacity : 21
12 8 16 
size : 3, capacity : 21
12 8 16 
SAME ?0
size : 6, capacity : 21
12 8 16 12 8 16 
size : 9, capacity : 21
12 8 16 12 8 16 12 8 16 
end awesome test

PUSH BACK & POP BACK TESTS
Empty ? 1 / Capacity : 0 / Size : 0
Int constructor
1: 1 - Int constructor
2: 2 - Int constructor
3: 4 - Int constructor
4: 4 - Int constructor
5: 8 - Int constructor
6: 8 - Int constructor
7: 8 - Int constructor
8: 8 - Int constructor
9: 16 - Int constructor
10: 16 - Int constructor
11: 16 - 
Int constructor
12: 16 - Int constructor
13: 16 - Int constructor
14: 16 - Int constructor
15: 16 - Int constructor
16: 16 - Int constructor
17: 32 - Int constructor
18: 32 - Int constructor
19: 32 - Int constructor
20: 32 - Int constructor
21: 32 - 
Int constructor
22: 32 - Int constructor
23: 32 - Int constructor
24: 32 - Int constructor
25: 32 - Int constructor
26: 32 - Int constructor
27: 32 - Int constructor
28: 32 - Int constructor
29: 32 - Int constructor
30: 32 - Int constructor
31: 32 - 
Int constructor
32: 32 - Int constructor
33: 64 - Int constructor
34: 64 - Int constructor
35: 64 - Int constructor
36: 64 - Int constructor
37: 64 - Int constructor
38: 64 - Int constructor
39: 64 - Int constructor
40: 64 - Int constructor
41: 64 - 
Int constructor
42: 64 - Int constructor
43: 64 - Int constructor
44: 64 - Int constructor
45: 64 - Int constructor
46: 64 - Int constructor
47: 64 - Int constructor
48: 64 - Int constructor
49: 64 - Int constructor
50: 64 - Int constructor
51: 64 - 
size : 51, capacity : 64
0 1 2 3 4 5 6 7 8 9 
10 11 12 13 14 15 16 17 18 19 
20 21 22 23 24 25 26 27 28 29 
30 31 32 33 34 35 36 37 38 39 
40 41 42 43 44 45 46 47 48 49 
50 
size : 47, capacity : 64
0 1 2 3 4 5 6 7 8 9 
10 11 12 13 14 15 16 17 18 19 
20 21 22 23 24 25 26 27 28 29 
30 31 32 33 34 35 36 37 38 39 
40 41 42 43 44 45 46 

RESIZE TESTS
Int constructor
Default constructor
s: 72, c: 72
Default constructor
s: 100, c: 144
Default constructor
s: 4170, c: 4170
Int constructor
s: 171, c: 4170
Default constructor
s: 62, c: 4170

INSERT TESTS
Int constructor
Int constructor
Int constructor
size : 201, capacity : 201
12 12 12 12 12 12 12 12 12 12 
12 12 12 12 12 12 12 12 12 12 
12 12 12 12 12 12 12 12 12 12 
12 12 12 12 12 12 12 12 12 12 
12 12 12 12 12 12 12 12 12 12 
12 12 12 12 12 12 12 12 12 12 
12 12 12 12 12 12 12 12 12 12 
12 12 12 12 12 12 12 12 12 12 
12 12 12 12 12 12 12 12 12 12 
12 12 12 12 12 12 12 12 12 12 
12 12 12 12 12 12 12 12 12 12 
12 12 12 12 12 12 12 12 12 12 
12 12 12 12 12 12 12 12 12 12 
12 12 12 12 12 12 12 12 12 12 
12 12 12 12 12 12 12 12 12 12 
12 12 12 12 12 12 12 12 12 12 
12 12 12 12 12 12 12 12 12 12 
12 12 12 12 12 12 12 12 12 12 
12 12 12 12 12 12 12 12 12 12 
12 12 12 12 12 12 12 12 12 12 
1 
Int constructor
size : 401, capacity : 402
12 12 12 12 12 12 12 12 12 12 
12 12 30 30 30 30 30 30 30 30 
30 30 30 30 30 30 30 30 30 30 
30 30 30 30 30 30 30 30 30 30 
30 30 30 30 30 30 30 30 30 30 
30 30 30 30 30 30 30 30 30 30 
30 30 30 30 30 30 30 30 30 30 
30 30 30 30 30 30 30 30 30 30 
30 30 30 30 30 30 30 30 30 30 
30 30 30 30 30 30 30 30 30 30 
30 30 30 30 30 30 30 30 30 30 
30 30 30 30 30 30 30 30 30 30 
30 30 30 30 30 30 30 30 30 30 
30 30 30 30 30 30 30 30 30 30 
30 30 30 30 30 30 30 30 30 30 
30 30 30 30 30 30 30 30 30 30 
30 30 30 30 30 30 30 30 30 30 
30 30 30 30 30 30 30 30 30 30 
30 30 30 30 30 30 30 30 30 30 
30 30 30 30 30 30 30 30 30 30 
30 30 30 30 30 30 30 30 30 30 
30 30 12 12 12 12 12 12 12 12 
12 12 12 12 12 12 12 12 12 12 
12 12 12 12 12 12 12 12 12 12 
12 12 12 12 12 12 12 12 12 12 
12 12 12 12 12 12 12 12 12 12 
12 12 12 12 12 12 12 12 12 12 
12 12 12 12 12 12 12 12 12 12 
12 12 12 12 12 12 12 12 12 12 
12 12 12 12 12 12 12 12 12 12 
12 12 12 12 12 12 12 12 12 12 
12 12 12 12 12 12 12 12 12 12 
12 12 12 12 12 12 12 12 12 12 
12 12 12 12 12 12 12 12 12 12 
12 12 12 12 12 12 12 12 12 12 
12 12 12 12 12 12 12 12 12 12 
12 12 12 12 12 12 12 12 12 12 
12 12 12 12 12 12 12 12 12 12 
12 12 12 12 12 12 12 12 12 12 
12 12 12 12 12 12 12 12 12 12 
1 
Int constructor
size : 413, capacity : 802
12 12 12 12 12 12 12 12 12 12 
12 12 30 30 30 30 30 30 30 30 
30 30 30 30 30 30 30 30 30 30 
30 30 30 30 30 30 30 30 30 30 
30 30 30 30 30 30 30 30 30 30 
30 30 30 30 30 30 30 30 30 30 
30 30 30 30 30 30 30 30 30 30 
30 30 30 30 30 30 30 30 30 30 
30 30 30 30 30 30 30 30 30 30 
30 30 30 30 30 30 30 30 30 30 
30 30 30 30 30 30 30 30 30 30 
30 30 30 30 30 30 30 30 30 30 
30 30 30 30 30 30 30 30 30 30 
30 30 30 30 30 30 30 30 30 30 
30 30 30 30 30 30 30 30 30 30 
30 30 30 30 30 30 30 30 30 30 
30 30 30 30 30 30 30 30 30 30 
30 30 30 30 30 30 30 30 30 30 
30 30 30 30 30 30 30 30 30 30 
30 30 30 30 30 30 30 30 30 30 
30 30 30 30 30 30 30 30 30 30 
30 30 12 12 12 12 12 12 12 12 
12 12 12 12 12 12 12 12 12 12 
12 12 12 12 12 12 12 12 12 12 
12 12 12 12 12 12 12 12 12 12 
12 12 12 12 12 12 12 12 12 12 
12 12 12 12 12 12 12 12 12 12 
12 12 12 12 12 12 12 12 12 12 
12 12 12 12 12 12 12 12 12 12 
12 12 12 12 12 12 12 12 12 12 
12 12 12 12 12 12 12 12 12 12 
12 12 12 12 12 12 12 12 12 12 
12 12 12 12 12 12 12 12 12 12 
12 12 12 12 12 12 12 12 12 12 
12 12 12 12 12 12 12 12 12 12 
12 12 12 12 12 12 12 12 12 12 
12 12 12 12 12 12 12 12 12 12 
12 12 12 12 12 12 12 12 12 12 
12 12 12 12 12 12 12 12 12 12 
12 12 12 12 12 12 12 12 12 12 
1 50 50 50 50 50 50 50 50 50 
50 50 50 
Int constructor
size : 413, capacity : 802
12 12 12 12 12 12 12 12 12 12 
12 12 30 30 30 30 30 30 30 30 
30 30 30 30 30 30 30 30 30 30 
30 30 30 30 30 30 30 30 30 30 
30 30 30 30 30 30 30 30 30 30 
30 30 30 30 30 30 30 30 30 30 
30 30 30 30 30 30 30 30 30 30 
30 30 30 30 30 30 30 30 30 30 
30 30 30 30 30 30 30 30 30 30 
30 30 30 30 30 30 30 30 30 30 
30 30 30 30 30 30 30 30 30 30 
30 30 30 30 30 30 30 30 30 30 
30 30 30 30 30 30 30 30 30 30 
30 30 30 30 30 30 30 30 30 30 
30 30 30 30 30 30 30 30 30 30 
30 30 30 30 30 30 30 30 30 30 
30 30 30 30 30 30 30 30 30 30 
30 30 30 30 30 30 30 30 30 30 
30 30 30 30 30 30 30 30 30 30 
30 30 30 30 30 30 30 30 30 30 
30 30 30 30 30 30 30 30 30 30 
30 30 12 12 12 12 12 12 12 12 
12 12 12 12 12 12 12 12 12 12 
12 12 12 12 12 12 12 12 12 12 
12 12 12 12 12 12 12 12 12 12 
12 12 12 12 12 12 12 12 12 12 
12 12 12 12 12 12 12 12 12 12 
12 12 12 12 12 12 12 12 12 12 
12 12 12 12 12 12 12 12 12 12 
12 12 12 12 12 12 12 12 12 12 
12 12 12 12 12 12 12 12 12 12 
12 12 12 12 12 12 12 12 12 12 
12 12 12 12 12 12 12 12 12 12 
12 12 12 12 12 12 12 12 12 12 
12 12 12 12 12 12 12 12 12 12 
12 12 12 12 12 12 12 12 12 12 
12 12 12 12 12 12 12 12 12 12 
12 12 12 12 12 12 12 12 12 12 
12 12 12 12 12 12 12 12 12 12 
12 12 12 12 12 12 12 12 12 12 
1 50 50 50 50 50 50 50 50 50 
50 50 50 
Int constructor
size : 414, capacity : 802
12 12 12 12 12 12 12 12 12 12 
12 12 30 30 30 30 30 30 30 30 
30 30 30 30 30 30 30 30 30 30 
30 30 30 30 30 30 30 30 30 30 
30 30 30 30 30 30 30 30 30 30 
30 30 30 30 30 30 30 30 30 30 
30 30 30 30 30 30 30 30 30 30 
30 30 30 30 30 30 30 30 30 30 
30 30 30 30 30 30 30 30 30 30 
30 30 30 30 30 30 30 30 30 30 
30 30 30 30 30 30 30 30 30 30 
30 30 30 30 30 30 30 30 30 30 
30 30 30 30 30 30 30 30 30 30 
30 30 30 30 30 30 30 30 30 30 
30 30 30 30 30 30 30 30 30 30 
30 30 30 30 30 30 30 30 30 30 
30 30 30 30 30 30 30 30 30 30 
30 30 30 30 30 30 30 30 30 30 
30 30 30 30 30 30 30 30 30 30 
30 30 30 30 30 30 30 30 30 30 
30 30 30 30 30 30 30 30 30 30 
30 30 12 12 12 12 12 12 12 12 
12 12 12 12 12 12 12 12 12 12 
12 12 12 12 12 12 12 12 12 12 
12 12 12 12 12 12 12 12 12 12 
12 12 12 12 12 12 12 12 12 12 
12 12 12 12 12 12 12 12 12 12 
12 12 12 12 12 12 12 12 12 12 
12 12 12 12 12 12 12 12 12 12 
12 12 12 12 12 12 12 12 12 12 
12 12 12 12 12 12 12 12 12 12 
12 12 12 12 12 12 12 12 12 12 
12 12 12 12 12 12 12 12 12 12 
12 12 12 12 12 12 12 12 12 12 
12 12 12 12 12 12 12 12 12 12 
12 12 12 12 12 12 12 12 12 12 
12 12 12 12 12 12 12 12 12 12 
12 12 12 12 12 12 12 12 12 12 
12 12 12 12 12 12 12 12 12 12 
12 12 12 12 12 12 12 12 12 12 
1 50 50 50 50 50 50 50 50 50 
50 50 70 50 
size : 419, capacity : 802
12 12 12 12 12 12 12 12 12 12 
12 12 30 30 30 30 30 30 30 30 
30 30 30 30 30 30 30 30 30 30 
30 30 30 30 30 30 30 30 30 30 
30 30 30 30 30 30 30 30 30 30 
30 30 30 30 30 30 30 30 30 30 
30 30 30 30 30 30 30 30 30 30 
30 30 30 30 30 30 30 30 30 30 
30 30 30 30 30 30 30 30 30 30 
30 30 30 30 30 30 30 30 30 30 
30 30 30 30 30 30 30 30 30 30 
30 30 30 30 30 30 30 30 30 30 
30 30 30 30 30 30 30 30 30 30 
30 30 30 30 30 30 30 30 30 30 
30 30 30 30 30 30 30 30 30 30 
30 30 30 30 30 30 30 30 30 30 
30 30 30 30 30 30 30 30 30 30 
30 30 30 30 30 30 30 30 30 30 
30 30 30 30 30 30 30 30 30 30 
30 30 30 30 30 30 30 30 30 30 
30 30 30 30 30 30 30 30 30 30 
30 30 12 12 12 12 12 12 12 12 
12 12 12 12 12 12 12 12 12 12 
12 12 12 12 12 12 12 12 12 12 
12 12 12 12 12 12 12 12 12 12 
12 12 12 12 12 12 12 12 12 12 
12 12 12 12 12 12 12 12 12 12 
12 12 12 12 12 12 12 12 12 12 
12 12 12 12 12 12 12 12 12 12 
12 12 12 12 12 12 12 12 12 12 
12 12 12 12 12 12 12 12 12 12 
12 12 12 12 12 12 12 12 12 12 
12 12 12 12 12 12 12 12 12 12 
12 12 12 12 12 12 12 12 12 12 
12 12 12 12 12 12 12 12 12 12 
12 12 12 12 12 12 12 12 12 12 
12 12 12 12 12 12 12 12 12 12 
12 12 12 12 12 12 12 12 12 12 
12 12 12 12 12 12 12 12 12 12 
12 12 12 12 12 12 12 12 12 12 
1 50 50 50 50 50 50 50 50 50 
50 50 5 5 5 5 5 70 50 
size : 424, capacity : 802
12 12 12 12 12 12 5 5 5 5 
5 12 12 12 12 12 12 30 30 30 
30 30 30 30 30 30 30 30 30 30 
30 30 30 30 30 30 30 30 30 30 
30 30 30 30 30 30 30 30 30 30 
30 30 30 30 30 30 30 30 30 30 
30 30 30 30 30 30 30 30 30 30 
30 30 30 30 30 30 30 30 30 30 
30 30 30 30 30 30 30 30 30 30 
30 30 30 30 30 30 30 30 30 30 
30 30 30 30 30 30 30 30 30 30 
30 30 30 30 30 30 30 30 30 30 
30 30 30 30 30 30 30 30 30 30 
30 30 30 30 30 30 30 30 30 30 
30 30 30 30 30 30 30 30 30 30 
30 30 30 30 30 30 30 30 30 30 
30 30 30 30 30 30 30 30 30 30 
30 30 30 30 30 30 30 30 30 30 
30 30 30 30 30 30 30 30 30 30 
30 30 30 30 30 30 30 30 30 30 
30 30 30 30 30 30 30 30 30 30 
30 30 30 30 30 30 30 12 12 12 
12 12 12 12 12 12 12 12 12 12 
12 12 12 12 12 12 12 12 12 12 
12 12 12 12 12 12 12 12 12 12 
12 12 12 12 12 12 12 12 12 12 
12 12 12 12 12 12 12 12 12 12 
12 12 12 12 12 12 12 12 12 12 
12 12 12 12 12 12 12 12 12 12 
12 12 12 12 12 12 12 12 12 12 
12 12 12 12 12 12 12 12 12 12 
12 12 12 12 12 12 12 12 12 12 
12 12 12 12 12 12 12 12 12 12 
12 12 12 12 12 12 12 12 12 12 
12 12 12 12 12 12 12 12 12 12 
12 12 12 12 12 12 12 12 12 12 
12 12 12 12 12 12 12 12 12 12 
12 12 12 12 12 12 12 12 12 12 
12 12 12 12 12 12 12 12 12 12 
12 12 12 12 12 12 12 12 12 12 
12 12 12 12 12 1 50 50 50 50 
50 50 50 50 50 50 50 5 5 5 
5 5 70 50 
size : 429, capacity : 802
12 12 12 12 12 12 5 5 5 5 
5 12 12 12 12 12 12 30 30 30 
30 30 30 30 30 30 30 30 30 30 
30 30 30 30 30 30 30 30 30 30 
30 30 30 30 30 30 30 30 30 30 
30 30 30 30 30 30 30 30 30 30 
30 30 30 30 30 30 30 30 30 30 
30 30 30 30 30 30 30 30 30 30 
30 30 30 30 30 30 30 30 30 30 
30 30 30 30 30 30 30 30 30 30 
30 30 30 30 30 30 30 30 30 30 
30 30 30 30 30 30 30 30 30 30 
30 30 30 30 30 30 30 30 30 30 
30 30 30 30 30 30 30 30 30 30 
30 30 30 30 30 30 30 30 30 30 
30 30 30 30 30 30 30 30 30 30 
30 30 30 30 30 30 30 30 30 30 
30 30 30 30 30 30 30 30 30 30 
30 30 30 30 30 30 30 30 30 30 
30 30 30 30 30 30 30 30 30 30 
30 30 30 30 30 30 30 30 30 30 
30 30 30 30 30 30 30 12 12 12 
12 12 12 12 12 12 12 12 12 12 
12 12 12 12 12 12 12 12 12 12 
12 12 12 12 12 12 12 12 12 12 
12 12 12 12 12 12 12 12 12 12 
12 12 12 12 12 12 12 12 12 12 
12 12 12 12 12 12 12 12 12 12 
12 12 12 12 12 12 12 12 12 12 
12 12 12 12 12 12 12 12 12 12 
12 12 12 12 12 12 12 12 12 12 
12 12 12 12 12 12 12 12 12 12 
12 12 12 12 12 12 12 12 12 12 
12 12 12 12 12 12 12 12 12 12 
12 12 12 12 12 12 12 12 12 12 
12 12 12 12 12 12 12 12 12 12 
12 12 12 12 12 12 12 12 12 12 
12 12 12 12 12 12 12 12 12 12 
12 12 12 12 12 12 12 12 12 12 
12 12 12 12 12 12 12 12 12 12 
12 12 12 12 12 1 50 50 50 50 
50 50 50 50 50 50 50 5 5 5 
5 5 70 50 5 5 5 5 5 

RESERVE TESTS
Int constructor
s: 65, c: 65
s: 65, c: 65
s: 65, c: 66
s: 65, c: 128
s: 65, c: 1023
s: 65, c: 10252
length error
size : 65, capacity : 10252
7 7 7 7 7 7 7 7 7 7 
7 7 7 7 7 7 7 7 7 7 
7 7 7 7 7 7 7 7 7 7 
7 7 7 7 7 7 7 7 7 7 
7 7 7 7 7 7 7 7 7 7 
7 7 7 7 7 7 7 7 7 7 
7 7 7 7 7 

COPY && SWAP TESTS
Int constructor
Int constructor
Int constructor
Int constructor
Int constructor
Int constructor
Int constructor
Int constructor
Int constructor
Int constructor
Int constructor
Int constructor
Int constructor
Int constructor
Int constructor
Int constructor
Int constructor
Int constructor
Int constructor
Int constructor
Int constructor
Int constructor
Int constructor
Int constructor
Int constructor
Int constructor
Int constructor
Int constructor
Int constructor
Int constructor
Int constructor
Int constructor
Int constructor
Int constructor
Int constructor
Int constructor
Int constructor
Int constructor
Int constructor
Int constructor
Int constructor
Int constructor
Int constructor
Int constructor
Int constructor
Int constructor
Int constructor
Int constructor
Int constructor
Int constructor
size : 50, capacity : 50
100 101 102 103 104 105 106 107 108 109 
110 111 112 113 114 115 116 117 118 119 
120 121 122 123 124 125 126 127 128 129 
130 131 132 133 134 135 136 137 138 139 
140 141 142 143 144 145 146 147 148 149 

size : 10, capacity : 10
20 21 22 23 24 25 26 27 28 29 

size : 50, capacity : 50
100 101 102 103 104 105 106 107 108 109 
110 111 112 113 114 115 116 117 118 119 
120 121 122 123 124 125 126 127 128 129 
130 131 132 133 134 135 136 137 138 139 
140 141 142 143 144 145 146 147 148 149 

size : 50, capacity : 64
0 1 2 3 4 5 6 7 8 9 
10 11 12 13 14 15 16 17 18 19 
20 21 22 23 24 25 26 27 28 29 
30 31 32 33 34 35 36 37 38 39 
40 41 42 43 44 45 46 47 48 49 

size : 50, capacity : 64
0 1 2 3 4 5 6 7 8 9 
10 11 12 13 14 15 16 17 18 19 
20 21 22 23 24 25 26 27 28 29 
30 31 32 33 34 35 36 37 38 39 
40 41 42 43 44 45 46 47 48 49 

size : 10, capacity : 10
20 21 22 23 24 25 26 27 28 29 

size : 10, capacity : 10
20 21 22 23 24 25 26 27 28 29 

size : 50, capacity : 50
100 101 102 103 104 105 106 107 108 109 
110 111 112 113 114 115 116 117 118 119 
120 121 122 123 124 125 126 127 128 129 
130 131 132 133 134 135 136 137 138 139 
140 141 142 143 144 145 146 147 148 149 


REVERSE IT TESTS
Int constructor
Int constructor
Int constructor
Int constructor
Int constructor
Int constructor
Int constructor
Int constructor
Int constructor
Int constructor
Int constructor
Int constructor
11 10 9 8 7 6 5 4 3 2 1 
0 9
7
1
10
0
1
1
0
7


ERASE && CLEAR TESTS
Int constructor
size : 26, capacity : 31
12 12 12 12 12 12 12 12 12 12 
12 12 12 12 12 12 12 12 12 12 
12 12 12 12 12 12 
size : 22, capacity : 31
12 12 12 12 12 12 12 12 12 12 
12 12 12 12 12 12 12 12 12 12 
12 12 
size : 0, capacity : 31

